Solution for time: t = 0.050000000
      1.0000000
     0.97476237
     0.94955001
     0.92438811
     0.89930171
     0.87431563
     0.84945439
     0.82474213
     0.80020254
     0.77585882
     0.75173358
     0.72784879
     0.70422572
     0.68088491
     0.65784605
     0.63512801
     0.61274873
     0.59072522
     0.56907353
     0.54780866
     0.52694462
     0.50649431
     0.48646960
     0.46688124
     0.44773888
     0.42905107
     0.41082528
     0.39306786
     0.37578405
     0.35897806
     0.34265300
     0.32681096
     0.31145301
     0.29657925
     0.28218879
     0.26827983
     0.25484971
     0.24189487
     0.22941098
     0.21739292
     0.20583486
     0.19473029
     0.18407206
     0.17385243
     0.16406312
     0.15469536
     0.14573994
     0.13718723
     0.12902726
     0.12124974
     0.11384413
     0.10679966
     0.10010538
    0.093750189
    0.087722911
    0.082012292
    0.076607056
    0.071495935
    0.066667698
    0.062111189
    0.057815345
    0.053769231
    0.049962058
    0.046383209
    0.043022257
    0.039868981
    0.036913388
    0.034145718
    0.031556466
    0.029136383
    0.026876492
    0.024768089
    0.022802749
    0.020972334
    0.019268986
    0.017685136
    0.016213499
    0.014847069
    0.013579121
    0.012403203
    0.011313130
    0.010302978
   0.0093670775
   0.0085000024
   0.0076965630
   0.0069517951
   0.0062609496
   0.0056194812
   0.0050230369
   0.0044674442
   0.0039486979
   0.0034629478
   0.0030064854
   0.0025757302
   0.0021672163
   0.0017775785
   0.0014035378
   0.0010418878
  0.00068947993
  0.00034320930
      0.0000000
Calculation time: 0.0024950000
Solution for time: t = 0.29995000
      1.0000000
     0.98896312
     0.97792727
     0.96689347
     0.95586273
     0.94483607
     0.93381452
     0.92279907
     0.91179073
     0.90079050
     0.88979935
     0.87881828
     0.86784825
     0.85689022
     0.84594512
     0.83501391
     0.82409749
     0.81319676
     0.80231263
     0.79144596
     0.78059761
     0.76976841
     0.75895918
     0.74817072
     0.73740382
     0.72665922
     0.71593766
     0.70523986
     0.69456649
     0.68391824
     0.67329573
     0.66269958
     0.65213038
     0.64158869
     0.63107504
     0.62058995
     0.61013388
     0.59970730
     0.58931061
     0.57894422
     0.56860848
     0.55830372
     0.54803025
     0.53778833
     0.52757820
     0.51740007
     0.50725412
     0.49714048
     0.48705928
     0.47701058
     0.46699444
     0.45701087
     0.44705986
     0.43714136
     0.42725528
     0.41740151
     0.40757992
     0.39779031
     0.38803249
     0.37830622
     0.36861121
     0.35894719
     0.34931380
     0.33971069
     0.33013747
     0.32059371
     0.31107897
     0.30159277
     0.29213459
     0.28270391
     0.27330015
     0.26392274
     0.25457106
     0.24524447
     0.23594230
     0.22666387
     0.21740846
     0.20817534
     0.19896375
     0.18977291
     0.18060203
     0.17145029
     0.16231684
     0.15320084
     0.14410141
     0.13501767
     0.12594871
     0.11689361
     0.10785144
    0.098821248
    0.089802089
    0.080792989
    0.071792972
    0.062801051
    0.053816231
    0.044837512
    0.035863885
    0.026894338
    0.017927855
   0.0089634164
      0.0000000
Calculation time: 0.015674000
