Solution for time: t = 0.0500000
      1.0000000
     0.97477498
     0.94960031
     0.92442564
     0.89940142
     0.87437720
     0.84960173
     0.82482625
     0.80039488
     0.77596351
     0.75196755
     0.72797160
     0.70449729
     0.68102298
     0.65815058
     0.63527817
     0.61308114
     0.59088410
     0.56942842
     0.54797274
     0.52731638
     0.50666003
     0.48685257
     0.46704510
     0.44812742
     0.42920975
     0.41121398
     0.39321822
     0.37616775
     0.35911729
     0.34302694
     0.32693660
     0.31181291
     0.29668923
     0.28253088
     0.26837253
     0.25517081
     0.24196910
     0.22970853
     0.21744796
     0.20610691
     0.19476586
     0.18431726
     0.17386866
     0.16428073
     0.15469280
     0.14592978
     0.13716675
     0.12918965
     0.12121255
     0.11397987
     0.10674719
     0.10021563
    0.093684077
    0.087809205
    0.081934333
    0.076671171
    0.071408010
    0.066711615
    0.062015221
    0.057841180
    0.053667140
    0.049972005
    0.046276870
    0.043018529
    0.039760187
    0.036898171
    0.034036156
    0.031531882
    0.029027608
    0.026844558
    0.024661509
    0.022765357
    0.020869205
    0.019227879
    0.017586554
    0.016170263
    0.014753972
    0.013535177
    0.012316382
    0.011269732
    0.010223082
   0.0093253170
   0.0084275524
   0.0076573766
   0.0068872008
   0.0062251276
   0.0055630545
   0.0049912353
   0.0044194162
   0.0039214499
   0.0034234836
   0.0029842136
   0.0025449435
   0.0021502437
   0.0017555439
   0.0013920974
   0.0010286509
  0.00068372270
  0.00033879449
      0.0000000
Calculation time: 0.00026500000
Solution for time: t = 0.29995000
      1.0000000
     0.98896490
     0.97792979
     0.96689878
     0.95586776
     0.94484490
     0.93382204
     0.92281138
     0.91180071
     0.90080623
     0.88981176
     0.87883739
     0.86786303
     0.85691262
     0.84596221
     0.83503952
     0.82411682
     0.81322548
     0.80233413
     0.79147766
     0.78062119
     0.76980297
     0.75898475
     0.74820802
     0.73743128
     0.72669909
     0.71596690
     0.70528215
     0.69459740
     0.68396278
     0.67332817
     0.66274620
     0.65216423
     0.64163720
     0.63111017
     0.62064016
     0.61017015
     0.59975902
     0.58934788
     0.57899723
     0.56864659
     0.55835782
     0.54806906
     0.53784331
     0.52761755
     0.51745571
     0.50729386
     0.49719655
     0.48709925
     0.47706686
     0.46703448
     0.45706715
     0.44709982
     0.43719740
     0.42729499
     0.41745711
     0.40761923
     0.39784524
     0.38807125
     0.37836026
     0.36864927
     0.35900013
     0.34935099
     0.33976233
     0.33017366
     0.32064384
     0.31111402
     0.30164118
     0.29216835
     0.28275042
     0.27333250
     0.26396718
     0.25460187
     0.24528665
     0.23597144
     0.22670363
     0.21743582
     0.20821252
     0.19898922
     0.18980737
     0.18062552
     0.17148188
     0.16233825
     0.15322946
     0.14412066
     0.13504319
     0.12596572
     0.11691593
     0.10786614
    0.098840286
    0.089814432
    0.080808668
    0.071802905
    0.062813310
    0.053823715
    0.044846303
    0.035868891
    0.026899627
    0.017930363
   0.0089651815
      0.0000000
Calculation time: 0.0018380000
