Solution for time: t = 0.050000000
      1.0000000
     0.97477183
     0.94956889
     0.92441631
     0.89933910
     0.87436202
     0.84950954
     0.82480577
     0.80027436
     0.77593847
     0.75182066
     0.72794289
     0.70432640
     0.68099167
     0.65795840
     0.63524541
     0.61287065
     0.59085111
     0.56920281
     0.54794077
     0.52707896
     0.50663033
     0.48660671
     0.46701887
     0.44787648
     0.42918810
     0.41096121
     0.39320218
     0.37591627
     0.35910772
     0.34277966
     0.32693422
     0.31157248
     0.29669458
     0.28229966
     0.26838596
     0.25495083
     0.24199077
     0.22950148
     0.21747787
     0.20591413
     0.19480380
     0.18413975
     0.17391428
     0.16411913
     0.15474557
     0.14578441
     0.13722604
     0.12906053
     0.12127760
     0.11386674
     0.10681718
     0.10011800
    0.093758114
    0.087726359
    0.082011490
    0.076602241
    0.071487349
    0.066655593
    0.062095816
    0.057796961
    0.053748091
    0.049938419
    0.046357324
    0.042994375
    0.039839350
    0.036882246
    0.034113300
    0.031522998
    0.029102085
    0.026841574
    0.024732751
    0.022767184
    0.020936723
    0.019233503
    0.017649942
    0.016178746
    0.014812900
    0.013545669
    0.012370590
    0.011281469
    0.010272374
   0.0093376260
   0.0084717903
   0.0076696693
   0.0069262913
   0.0062368998
   0.0055969429
   0.0050020613
   0.0044480765
   0.0039309779
   0.0034469103
   0.0029921604
   0.0025631434
   0.0021563896
   0.0017685298
   0.0013962819
   0.0010364360
  0.00068584084
  0.00034138838
      0.0000000
Calculation time: 0.0031300000
Solution for time: t = 0.29995000
      1.0000000
     0.98896388
     0.97792879
     0.96689574
     0.95586575
     0.94483985
     0.93381904
     0.92280434
     0.91179673
     0.90079723
     0.88980681
     0.87882646
     0.86785714
     0.85689980
     0.84595540
     0.83502487
     0.82410911
     0.81320905
     0.80232556
     0.79145953
     0.78061179
     0.76978320
     0.75897456
     0.74818668
     0.73742033
     0.72667628
     0.71595525
     0.70525795
     0.69458508
     0.68393730
     0.67331524
     0.66271953
     0.65215074
     0.64160945
     0.63109618
     0.62061143
     0.61015570
     0.59972943
     0.58933303
     0.57896690
     0.56863141
     0.55832687
     0.54805360
     0.53781185
     0.52760188
     0.51742388
     0.50727803
     0.49716447
     0.48708332
     0.47703466
     0.46701853
     0.45703495
     0.44708390
     0.43716533
     0.42727917
     0.41742530
     0.40760357
     0.39781381
     0.38805581
     0.37832933
     0.36863411
     0.35896983
     0.34933618
     0.33973278
     0.33015925
     0.32061516
     0.31110006
     0.30161348
     0.29215490
     0.28272380
     0.27331962
     0.26394175
     0.25458960
     0.24526252
     0.23595984
     0.22668088
     0.21742493
     0.20819124
     0.19897908
     0.18978765
     0.18061617
     0.17146380
     0.16232973
     0.15321308
     0.14411300
     0.13502859
     0.12595894
     0.11690316
     0.10786029
    0.098829391
    0.089809517
    0.080799695
    0.071798950
    0.062806294
    0.053820735
    0.044841272
    0.035866898
    0.026896600
    0.017929365
   0.0089641714
      0.0000000
Calculation time: 0.019526000
